1;3;1
4;274;1
578;502;1
94;359;1
532;800;1
64;5;1
423;376;1
376;938;1
973;814;1
469;9;1
158;492;1
308;58;1
526;387;1
954;969;1
774;8;1
130;410;1
321;384;1
230;2;1
290;58;1
252;63;1
898;508;1
470;348;1
11;73;1
16;54;1
16;5;1
74;691;1
751;273;1
417;11;1
207;64;1
304;274;1
414;422;1
524;196;1
752;148;1
2;1;1
55;283;1
360;501;1
629;579;1
133;141;1
64;314;1
661;36;1
660;276;1
504;823;1
148;85;1
252;2;1
532;698;1
539;626;1
797;752;1
127;214;1
297;800;1
54;557;1
394;126;1
226;210;1
410;251;1
203;453;1
270;266;1
407;438;1
173;223;1
198;134;1
251;672;1
526;511;1
402;387;1
195;609;1
195;119;1
85;78;1
261;11;1
94;70;1
254;729;1
276;335;1
723;692;1
220;149;1
801;609;1
71;81;1
908;969;1
331;866;1
601;245;1
314;783;1
532;252;1
332;777;1
70;695;1
180;235;1
761;751;1
526;398;1
953;78;1
26;316;1
1;48;1
282;289;1
953;142;1
116;735;1
242;301;1
313;456;1
835;27;1
876;251;1
42;26;1
160;222;1
261;285;1
408;535;1
446;789;1
564;33;1
644;880;1
770;942;1
11;23;1
376;164;1
297;377;1
564;570;1
783;957;1
320;344;1
269;5;1
579;204;1
961;813;1
226;179;1
876;4;1
714;839;1
484;417;1
605;32;1
2;164;1
766;331;1
282;259;1
461;571;1
32;695;1
453;383;1
994;991;1
64;314;1
206;737;1
188;191;1
320;314;1
241;211;1
5;51;1
94;220;1
664;501;1
259;401;1
26;203;1
182;619;1
891;770;1
183;380;1
9;352;1
914;726;1
391;398;1
314;438;1
258;23;1
234;157;1
1;2;1
376;417;1
82;283;1
266;329;1
157;504;1
54;289;1
105;255;1
526;761;1
782;234;1
300;285;1
456;710;1
137;195;1
430;203;1
703;144;1
5;199;1
814;946;1
661;127;1
161;157;1
508;533;1
269;290;1
517;519;1
283;48;1
807;50;1
1;63;1
551;550;1
196;269;1
463;461;1
704;696;1
908;798;1
101;102;1
219;134;1
963;85;1
633;276;1
57;805;1
415;430;1
585;241;1
204;189;1
266;1;1
598;813;1
504;619;1
892;648;1
484;380;1
762;512;1
636;127;1
203;101;1
57;19;1
859;828;1
851;609;1
644;17;1
241;203;1
42;36;1
347;363;1
862;918;1
711;213;1
4;766;1
383;453;1
141;158;1
35;89;1
110;324;1
377;262;1
627;636;1
783;782;1
820;324;1
957;839;1
195;289;1
64;446;1
213;612;1
759;571;1
141;26;1
64;11;1
94;219;1
476;539;1
104;571;1
214;98;1
407;695;1
35;42;1
535;35;1
86;226;1
816;976;1
785;729;1
219;86;1
307;277;1
523;939;1
536;926;1
673;915;1
550;570;1
39;665;1
363;418;1
782;63;1
33;298;1
126;445;1
570;602;1
407;196;1
226;168;1
82;127;1
204;66;1
879;938;1
331;766;1
304;547;1
636;192;1
258;384;1
161;158;1
523;641;1
410;479;1
504;563;1
214;211;1
634;945;1
792;960;1
252;5;1
323;4;1
410;160;1
129;35;1
142;127;1
629;754;1
535;532;1
219;157;1
689;105;1
88;612;1
95;97;1
219;203;1
94;35;1
252;1;1
204;210;1
58;51;1
16;66;1
345;157;1
320;813;1
820;657;1
168;51;1
476;102;1
540;636;1
78;64;1
417;722;1
329;51;1
386;907;1
682;679;1
501;517;1
16;1;1
145;644;1
751;2;1
516;526;1
594;726;1
376;4;1
134;40;1
66;277;1
616;351;1
586;57;1
563;74;1
1;136;1
801;917;1
2;129;1
4;74;1
761;535;1
438;630;1
627;911;1
16;516;1
255;35;1
78;16;1
418;73;1
26;286;1
613;363;1
660;136;1
329;94;1
573;597;1
203;175;1
408;907;1
985;563;1
658;917;1
282;300;1
838;862;1
751;766;1
582;505;1
469;908;1
679;126;1
64;751;1
519;141;1
11;4;1
446;383;1
519;754;1
658;723;1
945;898;1
891;894;1
884;277;1
50;94;1
320;23;1
595;860;1
386;379;1
601;188;1
42;761;1
175;214;1
923;255;1
274;9;1
17;151;1
198;167;1
141;648;1
532;539;1
269;23;1
113;595;1
335;329;1
844;9;1
64;17;1
137;509;1
629;4;1
769;505;1
380;391;1
379;422;1
751;8;1
441;464;1
149;649;1
547;274;1
523;24;1
758;887;1
891;422;1
588;776;1
51;504;1
790;852;1
616;85;1
314;81;1
101;516;1
532;380;1
792;601;1
657;547;1
581;595;1
352;105;1
102;220;1
110;33;1
977;869;1
234;285;1
953;847;1
441;505;1
35;4;1
938;883;1
192;127;1
161;629;1
276;495;1
70;8;1
16;81;1
293;289;1
941;206;1
259;314;1
5;633;1
752;755;1
136;151;1
789;320;1
448;573;1
199;726;1
820;258;1
226;425;1
189;698;1
12;432;1
2;19;1
847;800;1
66;439;1
642;953;1
36;516;1
829;392;1
616;204;1
612;838;1
956;894;1
255;316;1
987;970;1
729;823;1
5;524;1
883;696;1
491;855;1
367;852;1
713;479;1
126;189;1
145;411;1
43;35;1
85;27;1
414;448;1
160;508;1
94;223;1
130;448;1
665;877;1
626;675;1
524;23;1
105;182;1
394;894;1
261;129;1
891;945;1
270;848;1
535;105;1
751;516;1
5;79;1
237;145;1
516;207;1
195;160;1
616;86;1
502;2;1
329;391;1
828;831;1
509;8;1
1;564;1
407;720;1
839;344;1
66;88;1
148;991;1
195;245;1
609;859;1
110;81;1
644;16;1
777;262;1
532;505;1
564;64;1
542;597;1
675;26;1
40;164;1
23;24;1
355;449;1
758;754;1
70;1;1
408;719;1
626;652;1
58;158;1
354;292;1
70;210;1
42;914;1
766;422;1
261;511;1
831;4;1
501;844;1
2;9;1
945;976;1
908;828;1
195;198;1
395;332;1
269;331;1
886;292;1
227;43;1
23;773;1
509;630;1
401;26;1
808;176;1
70;94;1
673;557;1
258;290;1
377;316;1
16;35;1
297;359;1
767;377;1
609;1;1
504;695;1
219;453;1
672;203;1
456;526;1
616;54;1
78;79;1
954;555;1
786;805;1
16;126;1
505;127;1
63;78;1
313;40;1
211;78;1
261;129;1
578;145;1
594;43;1
469;442;1
252;259;1
469;473;1
2;321;1
422;157;1
82;332;1
636;792;1
433;24;1
32;251;1
17;16;1
11;1;1
783;785;1
35;285;1
801;48;1
126;196;1
832;831;1
523;766;1
504;536;1
158;63;1
112;547;1
636;5;1
348;161;1
658;907;1
366;316;1
776;566;1
86;74;1
399;773;1
917;32;1
595;32;1
47;172;1
70;988;1
4;23;1
689;877;1
1;73;1
149;392;1
391;574;1
869;914;1
266;652;1
383;254;1
754;251;1
383;133;1
141;266;1
63;501;1
129;730;1
32;126;1
63;519;1
313;9;1
415;283;1
754;254;1
570;261;1
532;300;1
504;630;1
1;377;1
119;19;1
563;95;1
485;71;1
305;48;1
629;657;1
985;658;1
438;491;1
133;32;1
323;354;1
198;273;1
994;886;1
511;152;1
86;175;1
255;273;1
759;945;1
238;369;1
289;292;1
283;300;1
79;203;1
754;540;1
377;133;1
267;423;1
759;758;1
832;581;1
502;501;1
704;711;1
813;472;1
206;222;1
9;461;1
24;301;1
946;320;1
32;536;1
501;891;1
519;126;1
196;195;1
141;550;1
532;604;1
183;741;1
189;470;1
16;269;1
555;722;1
241;119;1
540;805;1
344;347;1
658;665;1
252;328;1
289;352;1
384;137;1
855;354;1
604;445;1
991;976;1
523;571;1
4;762;1
578;585;1
699;973;1
314;266;1
19;5;1
472;157;1
557;629;1
469;407;1
134;387;1
33;17;1
57;120;1
255;313;1
282;783;1
484;532;1
63;710;1
251;907;1
54;51;1
347;73;1
16;78;1
9;258;1
301;323;1
9;814;1
189;258;1
773;899;1
320;377;1
644;81;1
963;383;1
394;922;1
752;564;1
130;157;1
737;642;1
380;379;1
137;637;1
769;360;1
335;304;1
823;960;1
85;589;1
230;214;1
51;161;1
305;149;1
12;11;1
520;571;1
453;835;1
126;151;1
429;391;1
314;283;1
626;129;1
203;438;1
547;710;1
347;344;1
626;398;1
78;172;1
317;314;1
47;657;1
8;79;1
869;289;1
713;808;1
581;417;1
305;930;1
445;85;1
884;977;1
254;262;1
939;816;1
508;601;1
88;714;1
136;26;1
832;286;1
751;261;1
438;501;1
392;386;1
394;449;1
501;688;1
948;418;1
898;758;1
901;198;1
26;158;1
227;445;1
408;984;1
797;516;1
141;16;1
71;133;1
134;237;1
407;297;1
696;695;1
301;988;1
835;751;1
258;73;1
286;785;1
336;101;1
362;120;1
751;563;1
557;797;1
300;862;1
657;660;1
19;519;1
767;33;1
320;352;1
110;16;1
547;523;1
82;79;1
266;394;1
567;219;1
901;667;1
930;658;1
254;129;1
347;948;1
97;453;1
67;258;1
335;339;1
23;54;1
360;321;1
469;104;1
939;379;1
142;642;1
24;141;1
251;511;1
16;766;1
532;907;1
633;376;1
32;604;1
134;9;1
502;634;1
908;969;1
582;570;1
407;289;1
127;134;1
47;141;1
2;12;1
16;1;1
160;11;1
188;698;1
50;54;1
730;423;1
126;251;1
585;277;1
554;57;1
267;160;1
994;366;1
377;752;1
211;710;1
517;2;1
219;366;1
884;167;1
945;976;1
917;925;1
586;207;1
48;40;1
588;619;1
648;987;1
445;547;1
237;612;1
972;722;1
533;566;1
16;547;1
251;754;1
105;120;1
9;26;1
504;316;1
266;144;1
752;262;1
259;8;1
126;657;1
449;567;1
713;558;1
682;800;1
770;532;1
377;469;1
598;729;1
66;204;1
79;464;1
376;19;1
54;554;1
73;449;1
598;509;1
141;16;1
692;207;1
776;558;1
869;800;1
164;195;1
2;536;1
380;129;1
533;376;1
800;798;1
11;4;1
79;17;1
289;891;1
176;109;1
797;877;1
300;418;1
8;5;1
17;57;1
683;786;1
42;12;1
571;516;1
344;39;1
255;1;1
379;894;1
407;441;1
20;26;1
66;1;1
1;141;1
282;94;1
112;110;1
426;36;1
547;50;1
504;754;1
877;173;1
777;963;1
64;508;1
758;16;1
505;512;1
735;722;1
20;39;1
79;535;1
542;602;1
777;838;1
328;297;1
189;448;1
63;501;1
32;627;1
266;835;1
453;1;1
116;235;1
286;348;1
252;439;1
994;862;1
578;617;1
439;508;1
754;941;1
442;446;1
892;252;1
516;641;1
696;485;1
19;237;1
5;394;1
210;66;1
813;442;1
752;441;1
582;78;1
535;594;1
535;942;1
64;320;1
782;798;1
314;527;1
626;71;1
94;4;1
141;394;1
798;767;1
604;4;1
612;661;1
626;2;1
258;344;1
23;40;1
720;105;1
910;141;1
117;102;1
126;133;1
526;571;1
20;51;1
957;933;1
66;73;1
297;797;1
807;891;1
477;439;1
422;290;1
504;554;1
321;355;1
157;126;1
664;636;1
71;566;1
509;359;1
133;379;1
207;192;1
144;402;1
300;254;1
320;8;1
793;915;1
891;439;1
11;8;1
4;142;1
754;535;1
273;770;1
24;578;1
929;972;1
173;894;1
755;573;1
144;160;1
402;807;1
54;26;1
328;269;1
116;55;1
188;698;1
594;597;1
79;703;1
688;719;1
57;664;1
227;352;1
35;501;1
817;836;1
501;1;1
673;752;1
266;838;1
102;377;1
273;148;1
4;782;1
445;438;1
189;67;1
770;502;1
880;411;1
366;547;1
97;234;1
267;270;1
142;5;1
633;133;1
879;800;1
542;573;1
175;422;1
8;134;1
89;369;1
183;35;1
316;297;1
535;35;1
417;414;1
219;230;1
526;2;1
313;48;1
752;767;1
578;589;1
539;672;1
196;158;1
64;58;1
429;484;1
203;241;1
129;636;1
969;258;1
42;581;1
439;1;1
1;63;1
104;142;1
86;714;1
938;985;1
195;127;1
16;20;1
813;1;1
167;362;1
831;282;1
324;24;1
442;477;1
198;199;1
71;137;1
698;19;1
137;126;1
751;895;1
40;637;1
539;883;1
42;661;1
74;536;1
609;536;1
24;648;1
676;658;1
94;313;1
20;630;1
254;761;1
664;2;1
761;785;1
133;136;1
4;394;1
594;907;1
535;867;1
47;17;1
620;610;1
863;110;1
539;71;1
508;564;1
36;352;1
47;251;1
164;54;1
1;4;1
86;338;1
151;479;1
32;136;1
491;460;1
17;58;1
40;5;1
133;8;1
773;808;1
196;8;1
242;71;1
582;81;1
645;407;1
776;183;1
351;8;1
259;759;1
682;619;1
384;407;1
938;813;1
313;66;1